   2   1   1 E -2.7389333627404E+03 DE 9.9E-09(  5)
  0.121041773026E+02 -0.698835002400E+01  0.000000000000E+00
  0.000000000000E+00  0.139767000480E+02  0.000000000000E+00
  0.000000000000E+00  0.000000000000E+00  0.500000000000E+03
    6
  0.100000000000E+01  0.000000000000E+00  0.000000000000E+00
  0.000000000000E+00  0.100000000000E+01  0.000000000000E+00
  0.000000000000E+00  0.000000000000E+00  0.100000000000E+01
  0.000000000000E+00  0.000000000000E+00  0.000000000000E+00
 -0.500000000000E+00 -0.866025403784E+00  0.000000000000E+00
  0.866025403784E+00 -0.500000000000E+00  0.000000000000E+00
  0.000000000000E+00  0.000000000000E+00  0.100000000000E+01
  0.000000000000E+00  0.000000000000E+00  0.000000000000E+00
 -0.500000000000E+00  0.866025403784E+00  0.000000000000E+00
 -0.866025403784E+00 -0.500000000000E+00  0.000000000000E+00
  0.000000000000E+00  0.000000000000E+00  0.100000000000E+01
  0.000000000000E+00  0.000000000000E+00  0.000000000000E+00
 -0.500000000000E+00  0.866025403784E+00  0.000000000000E+00
  0.866025403784E+00  0.500000000000E+00  0.000000000000E+00
  0.000000000000E+00  0.000000000000E+00  0.100000000000E+01
  0.000000000000E+00  0.000000000000E+00  0.000000000000E+00
  0.100000000000E+01  0.000000000000E+00  0.000000000000E+00
  0.000000000000E+00 -0.100000000000E+01  0.000000000000E+00
  0.000000000000E+00  0.000000000000E+00  0.100000000000E+01
  0.000000000000E+00  0.000000000000E+00  0.000000000000E+00
 -0.500000000000E+00 -0.866025403784E+00  0.000000000000E+00
 -0.866025403784E+00  0.500000000000E+00  0.000000000000E+00
  0.000000000000E+00  0.000000000000E+00  0.100000000000E+01
  0.000000000000E+00  0.000000000000E+00  0.000000000000E+00
   72
    6     -1.393975497101      0.000000000000     -0.796959787292
    6     -0.681727326602     -1.180786366583     -0.833736833566
    6     -1.336395752409      4.669394664653     -0.327267574644
    6     -1.344231551117      6.988350024000     -0.286609110556
    6     -1.336395752409     -4.669394664653     -0.327267574644
    6     -1.349290905099     -2.337040401823     -0.595860215162
    6      0.696987748551     -1.207218192742     -0.796959787292
    6      0.696987748551      1.207218192742     -0.796959787292
    6      0.671074232567      3.489754241854     -0.010047647674
    6      0.601684367182      5.804683645369      0.547342680009
    6      0.601684367182     -5.804683645369      0.547342680009
    6      0.671074232567     -3.489754241854     -0.010047647674
    6      2.686678710125     -2.326044454155     -0.010047647674
    6      2.698581810197      0.000000000001     -0.595860215162
    6      2.686678710125      2.326044454155     -0.010047647674
    6      2.648665886553      4.587623887785      0.871433290406
    6      2.624701912734     -6.988350024000      1.221416224576
    6      2.648665886552     -4.587623887783      0.871433290406
    6      4.726161314228     -3.423415769724      0.547342680009
    6      4.712012276088     -1.177344661231     -0.327267574644
    6      4.712012276088      1.177344661231     -0.327267574644
    6      4.726161314228      3.423415769724      0.547342680009
    6      4.739737694952     -8.209466502212      1.221416224576
    6      4.739737694915     -5.767233545788      1.221416224576
    6     -5.327845681411      2.381267875645      0.547342680009
    6     -5.379972875723      4.658313683835     -0.286609110556
    6     -5.398181539424      6.988350024000     -0.833327111724
    6     -5.379972875760      9.318386364165     -0.286609110556
    6     -5.327845681411     -2.381267875645      0.547342680009
    6     -5.297331773104     -0.000000000002      0.871433290406
    6     -3.357752942692      1.163709787699     -0.010047647674
    6     -3.375616523679      3.492050003422     -0.327267574644
    6     -3.352997881607      5.807562688621     -0.833327111724
    6     -3.352997881570      8.169137359379     -0.833327111724
    6     -3.375616523679     -3.492050003422     -0.327267574644
    6     -3.357752942692     -1.163709787699     -0.010047647674
    6     -1.349290905098      2.337040401822     -0.595860215162
    6     -0.681727326602      1.180786366582     -0.833736833566
    6     -0.659108543988      3.496339711670     -0.327436580433
    6     -0.677012065788      5.824634194698     -0.009881664513
    6     -0.677012065788     -5.824634194698     -0.009881664513
    6     -0.659108543988     -3.496339711670     -0.327436580433
    6      1.345307360697     -2.330140700524     -0.287083172284
    6      1.363454653203      0.000000000000     -0.833736833566
    6      1.345307360697      2.330140700523     -0.287083172284
    6      1.293113173360      4.607048119568      0.547320855188
    6      1.262577710915     -6.988350024000      0.871678665110
    6      1.293113173360     -4.607048119568      0.547320855188
    6      3.343264121321     -3.423392917881      0.547320855188
    6      3.357473282559     -1.177365112890     -0.327436580433
    6      3.357473282559      1.177365112890     -0.327436580433
    6      3.343264121321      3.423392917881      0.547320855188
    6      3.329722636355     -8.209451266688      1.221255948042
    6      3.329722636344     -5.767248781294      1.221255948042
    6      5.420799795824     -4.587599383904      0.871678665110
    6      5.382787213252     -2.326007449709     -0.009881664513
    6      5.370888924719      0.000000000000     -0.595650566767
    6      5.382787213252      2.326007449709     -0.009881664513
    6      5.420799795861     -9.389100664096      0.871678665110
    6      5.444732029901     -6.988350024018      1.221255948042
    6     -4.636377294681      1.183655201686      0.547320855188
    6     -4.705775147464      3.498626744990     -0.009881664513
    6     -4.731704708431      5.781147086551     -0.796617466651
    6     -4.731704708420      8.195552961430     -0.796617466651
    6     -4.705775147464     -3.498626744990     -0.009881664513
    6     -4.636377294681     -1.183655201686      0.547320855188
    6     -2.690614721394      0.000000000001     -0.287083172284
    6     -2.698364738571      2.318974598779     -0.327436580433
    6     -2.685444462359      4.651326249708     -0.595650566767
    6     -2.640767885750      6.988350024019     -0.796617466651
    6     -2.685444462359     -4.651326249708     -0.595650566767
    6     -2.698364738571     -2.318974598779     -0.327436580433
    0    0
