TTTTTTTTTTTTTTTTTTTTTTTTTTTTTTTTTTTTTTTTTTTTTTTTTTTTTTTTTTTTTTTTTTTTTTTTTTTTTTTTTTTTTTTTTTTTT

TEMPERATURE =                 0.00       K
HELMOLTZ FE =        -5400698.5692  KJ/MOL

IRREDUCIBLE LATTICE PARAMETERS
7.0824    9.5658    12.7854   116.4004  

HESSIAN
0.550344        49.648003       -35.080585      -4.991028       
49.648003       16.044312       30.409748       3.366237        
-35.080585      30.409748       -35.032702      -21.070709      
-4.991028       3.366237        -21.070709      15.318388       

EIGENVALUES OF HESSIAN
-88.466337      VECTOR =           -0.536305        0.647889        0.497552        0.212269
58.562420       VECTOR =            0.459766        0.761421       -0.430613       -0.153055
1.018770        VECTOR =           -0.684618        0.009037       -0.541649       -0.487682
25.765491       VECTOR =           -0.179697       -0.019908       -0.523097        0.832876

TTTTTTTTTTTTTTTTTTTTTTTTTTTTTTTTTTTTTTTTTTTTTTTTTTTTTTTTTTTTTTTTTTTTTTTTTTTTTTTTTTTTTTTTTTTTT

TEMPERATURE =                20.00       K
HELMOLTZ FE =        -5400698.5766  KJ/MOL

IRREDUCIBLE LATTICE PARAMETERS
7.1308    9.5239    12.7316   116.3676  

HESSIAN
0.080877        49.275930       -35.111275      -4.370841       
49.275930       16.362327       30.413104       2.962731        
-35.111275      30.413104       -35.074234      -21.213770      
-4.370841       2.962731        -21.213770      15.541787       

EIGENVALUES OF HESSIAN
-88.239296      VECTOR =           -0.536929        0.643416        0.499010        0.220709
58.181485       VECTOR =            0.457544        0.765206       -0.424378       -0.158164
0.597573        VECTOR =           -0.686570        0.011516       -0.536722       -0.490324
26.370995       VECTOR =           -0.176016       -0.018515       -0.531810        0.828163

TTTTTTTTTTTTTTTTTTTTTTTTTTTTTTTTTTTTTTTTTTTTTTTTTTTTTTTTTTTTTTTTTTTTTTTTTTTTTTTTTTTTTTTTTTTTT

TEMPERATURE =                40.00       K
HELMOLTZ FE =        -5400699.0593  KJ/MOL

IRREDUCIBLE LATTICE PARAMETERS
7.1898    9.4589    12.6606   116.3565  

HESSIAN
-0.487194       47.024793       -35.631807      -1.546590       
47.024793       19.271671       30.055619       1.278249        
-35.631807      30.055619       -35.519820      -22.443471      
-1.546590       1.278249        -22.443471      16.765995       

EIGENVALUES OF HESSIAN
-86.598352      VECTOR =            0.533730       -0.509293        0.624712        0.255905
-0.782848       VECTOR =           -0.438805        0.403404        0.780682       -0.187753
57.456421       VECTOR =            0.703540        0.503441        0.014724       -0.501359
29.955429       VECTOR =            0.166172        0.569590       -0.007342        0.804922

TTTTTTTTTTTTTTTTTTTTTTTTTTTTTTTTTTTTTTTTTTTTTTTTTTTTTTTTTTTTTTTTTTTTTTTTTTTTTTTTTTTTTTTTTTTTT

TEMPERATURE =                60.00       K
HELMOLTZ FE =        -5400700.8871  KJ/MOL

IRREDUCIBLE LATTICE PARAMETERS
7.1176    9.5104    12.7258   116.5173  

HESSIAN
-0.439175       43.028219       -36.377389      1.535827        
43.028219       23.604857       28.931904       -1.580101       
-36.377389      28.931904       -36.318809      -23.947731      
1.535827        -1.580101       -23.947731      19.118157       

EIGENVALUES OF HESSIAN
-83.690490      VECTOR =           -0.526183        0.523018        0.593318        0.312342
-1.928937       VECTOR =            0.405777       -0.390568        0.804177       -0.190001
56.293648       VECTOR =           -0.730820       -0.465780        0.024805       -0.498333
35.290809       VECTOR =           -0.156137       -0.597459       -0.025648        0.786134

TTTTTTTTTTTTTTTTTTTTTTTTTTTTTTTTTTTTTTTTTTTTTTTTTTTTTTTTTTTTTTTTTTTTTTTTTTTTTTTTTTTTTTTTTTTTT

TEMPERATURE =                80.00       K
HELMOLTZ FE =        -5400703.6482  KJ/MOL

IRREDUCIBLE LATTICE PARAMETERS
7.2145    9.4347    12.7021   116.5541  

HESSIAN
0.000095        38.537328       -36.744187      4.602541        
38.537328       27.134324       27.676222       -5.991542       
-36.744187      27.676222       -36.744228      -26.883390      
4.602541        -5.991542       -26.883390      17.947107       

EIGENVALUES OF HESSIAN
-80.704954      VECTOR =           -0.512426        0.519463        0.523549        0.439857
-5.977977       VECTOR =            0.368915       -0.386127        0.838050       -0.111718
54.828803       VECTOR =           -0.758672       -0.401611        0.081418       -0.506454
40.191425       VECTOR =           -0.160431       -0.647898       -0.130155        0.733177

TTTTTTTTTTTTTTTTTTTTTTTTTTTTTTTTTTTTTTTTTTTTTTTTTTTTTTTTTTTTTTTTTTTTTTTTTTTTTTTTTTTTTTTTTTTTT

TEMPERATURE =               100.00       K
HELMOLTZ FE =        -5400707.8460  KJ/MOL

IRREDUCIBLE LATTICE PARAMETERS
7.2226    9.4332    12.6947   116.5642  

HESSIAN
-0.000103       35.045044       -36.538615      7.600726        
35.045044       29.708032       27.552029       -7.812084       
-36.538615      27.552029       -36.538661      -27.977104      
7.600726        -7.812084       -27.977104      18.658107       

EIGENVALUES OF HESSIAN
-78.308599      VECTOR =           -0.502888        0.533662        0.540351       -0.412710
-7.549267       VECTOR =            0.349547       -0.363096        0.024501       -0.863353
43.692363       VECTOR =           -0.774970       -0.376260       -0.478802       -0.169110
53.992878       VECTOR =           -0.156017       -0.664677        0.691498        0.235997

TTTTTTTTTTTTTTTTTTTTTTTTTTTTTTTTTTTTTTTTTTTTTTTTTTTTTTTTTTTTTTTTTTTTTTTTTTTTTTTTTTTTTTTTTTTTT

TEMPERATURE =               120.00       K
HELMOLTZ FE =        -5400713.1748  KJ/MOL

IRREDUCIBLE LATTICE PARAMETERS
7.2311    9.4248    12.6867   116.5780  

HESSIAN
0.000621        32.491362       -36.225643      9.733030        
32.491362       31.222018       27.768626       -8.959435       
-36.225643      27.768626       -36.225661      -28.775456      
9.733030        -8.959435       -28.775456      18.985400       

EIGENVALUES OF HESSIAN
-76.667842      VECTOR =           -0.494904        0.544545        0.625849       -0.258561
-8.741639       VECTOR =            0.338372       -0.344597        0.216920       -0.848353
45.334831       VECTOR =           -0.785363       -0.359054       -0.422415       -0.275411
54.057028       VECTOR =           -0.154209       -0.675132        0.618728        0.370934

TTTTTTTTTTTTTTTTTTTTTTTTTTTTTTTTTTTTTTTTTTTTTTTTTTTTTTTTTTTTTTTTTTTTTTTTTTTTTTTTTTTTTTTTTTTTT

TEMPERATURE =               140.00       K
HELMOLTZ FE =        -5400719.5763  KJ/MOL

IRREDUCIBLE LATTICE PARAMETERS
7.2375    9.4111    12.6771   116.5930  

HESSIAN
0.000289        30.643045       -35.939622      11.252470       
30.643045       32.105767       28.103969       -9.713675       
-35.939622      28.103969       -35.939642      -29.344361      
11.252470       -9.713675       -29.344361      19.098516       

EIGENVALUES OF HESSIAN
-75.564605      VECTOR =            0.488552       -0.552360       -0.664697       -0.119971
-9.649205       VECTOR =           -0.331977        0.330473       -0.374167       -0.800361
45.701324       VECTOR =            0.792192        0.347026        0.357493       -0.352426
54.777417       VECTOR =            0.153431        0.682099       -0.538866        0.469919

TTTTTTTTTTTTTTTTTTTTTTTTTTTTTTTTTTTTTTTTTTTTTTTTTTTTTTTTTTTTTTTTTTTTTTTTTTTTTTTTTTTTTTTTTTTTT

TEMPERATURE =               160.00       K
HELMOLTZ FE =        -5400727.0031  KJ/MOL

IRREDUCIBLE LATTICE PARAMETERS
7.2410    9.4043    12.6673   116.6006  

HESSIAN
0.000476        29.272056       -35.712047      12.368171       
29.272056       32.632854       28.454395       -10.244049      
-35.712047      28.454395       -35.712068      -29.751388      
12.368171       -10.244049      -29.751388      19.096394       

EIGENVALUES OF HESSIAN
-74.810917      VECTOR =            0.483539       -0.557865       -0.673951       -0.027702
-10.356558      VECTOR =           -0.328196        0.319714       -0.469081       -0.755006
45.512850       VECTOR =            0.796914        0.338247        0.307993       -0.394534
55.672282       VECTOR =            0.152989        0.687138       -0.480514        0.523012

TTTTTTTTTTTTTTTTTTTTTTTTTTTTTTTTTTTTTTTTTTTTTTTTTTTTTTTTTTTTTTTTTTTTTTTTTTTTTTTTTTTTTTTTTTTTT

TEMPERATURE =               180.00       K
HELMOLTZ FE =        -5400735.4218  KJ/MOL

IRREDUCIBLE LATTICE PARAMETERS
7.2431    9.4004    12.6571   116.6053  

HESSIAN
-0.000000       28.223096       -35.540143      13.213886       
28.223096       32.953434       28.781694       -10.641903      
-35.540143      28.781694       -35.540161      -30.048649      
13.213886       -10.641903      -30.048649      19.028665       

EIGENVALUES OF HESSIAN
-74.285364      VECTOR =            0.479554       -0.561719       -0.673478        0.030445
-10.925090      VECTOR =           -0.325862        0.311418       -0.524427       -0.722364
45.148928       VECTOR =            0.800337        0.331565        0.274474       -0.417360
56.503464       VECTOR =            0.152651        0.691054       -0.442795        0.550522

TTTTTTTTTTTTTTTTTTTTTTTTTTTTTTTTTTTTTTTTTTTTTTTTTTTTTTTTTTTTTTTTTTTTTTTTTTTTTTTTTTTTTTTTTTTTT

TEMPERATURE =               200.00       K
HELMOLTZ FE =        -5400744.8073  KJ/MOL

IRREDUCIBLE LATTICE PARAMETERS
7.2582    9.4799    12.6672   116.5595  

HESSIAN
0.000017        27.398703       -35.412009      13.878374       
27.398703       33.152221       29.078380       -10.943650      
-35.412009      29.078380       -35.412091      -30.261359      
13.878374       -10.943650      -30.261359      18.940726       

EIGENVALUES OF HESSIAN
-73.909573      VECTOR =            0.476368       -0.564508       -0.670576        0.068790
-11.379904      VECTOR =           -0.324419        0.304753       -0.558792       -0.699735
44.760949       VECTOR =            0.802901        0.326441        0.251369       -0.430813
57.209401       VECTOR =            0.152238        0.694185       -0.418201        0.565720

TTTTTTTTTTTTTTTTTTTTTTTTTTTTTTTTTTTTTTTTTTTTTTTTTTTTTTTTTTTTTTTTTTTTTTTTTTTTTTTTTTTTTTTTTTTTT

TEMPERATURE =               220.00       K
HELMOLTZ FE =        -5400755.7140  KJ/MOL

IRREDUCIBLE LATTICE PARAMETERS
6.7972    9.5696    12.9608   117.4584  

HESSIAN
0.519549        27.001803       -34.941763      15.798759       
27.001803       33.860200       30.215499       -7.725598       
-34.941763      30.215499       -34.885971      -27.054309      
15.798759       -7.725598       -27.054309      25.194597       

EIGENVALUES OF HESSIAN
-72.732363      VECTOR =            0.481568       -0.597387       -0.623159        0.151306
-6.806585       VECTOR =           -0.340135        0.249243       -0.654228       -0.627831
47.695969       VECTOR =            0.799297        0.368936        0.155168       -0.448256
56.531353       VECTOR =            0.116296        0.667002       -0.399478        0.618062

TTTTTTTTTTTTTTTTTTTTTTTTTTTTTTTTTTTTTTTTTTTTTTTTTTTTTTTTTTTTTTTTTTTTTTTTTTTTTTTTTTTTTTTTTTTTT

TEMPERATURE =               240.00       K
HELMOLTZ FE =        -5400767.0580  KJ/MOL

IRREDUCIBLE LATTICE PARAMETERS
6.7743    9.5739    13.0081   117.5650  

HESSIAN
-0.014947       26.455976       -34.846015      16.292663       
26.455976       33.940274       30.477342       -7.696095       
-34.846015      30.477342       -34.767222      -26.973899      
16.292663       -7.696095       -26.973899      25.482979       

EIGENVALUES OF HESSIAN
-72.590228      VECTOR =            0.482411       -0.602206       -0.612271        0.172486
-7.031153       VECTOR =           -0.340286        0.238094       -0.674306       -0.610596
47.305110       VECTOR =            0.799202        0.370778        0.137492       -0.452653
56.957355       VECTOR =            0.112966        0.665719       -0.389270        0.626519

TTTTTTTTTTTTTTTTTTTTTTTTTTTTTTTTTTTTTTTTTTTTTTTTTTTTTTTTTTTTTTTTTTTTTTTTTTTTTTTTTTTTTTTTTTTTT

TEMPERATURE =               260.00       K
HELMOLTZ FE =        -5400779.3234  KJ/MOL

IRREDUCIBLE LATTICE PARAMETERS
6.7406    9.5723    13.0651   117.6912  

HESSIAN
-0.078064       25.995658       -34.792496      16.744307       
25.995658       34.018231       30.709245       -7.736105       
-34.792496      30.709245       -34.704993      -26.821997      
16.744307       -7.736105       -26.821997      25.910244       

EIGENVALUES OF HESSIAN
-72.406233      VECTOR =            0.481873       -0.605211       -0.603912        0.191856
-7.005789       VECTOR =           -0.340571        0.230573       -0.691487       -0.593880
47.124720       VECTOR =            0.799906        0.371834        0.121001       -0.455245
57.432720       VECTOR =            0.109359        0.665053       -0.377486        0.635020

TTTTTTTTTTTTTTTTTTTTTTTTTTTTTTTTTTTTTTTTTTTTTTTTTTTTTTTTTTTTTTTTTTTTTTTTTTTTTTTTTTTTTTTTTTTTT

TEMPERATURE =               280.00       K
HELMOLTZ FE =        -5400792.5921  KJ/MOL

IRREDUCIBLE LATTICE PARAMETERS
6.7090    9.5567    13.1265   117.8070  

HESSIAN
-1.062947       25.544560       -34.794575      16.912842       
25.544560       34.000312       30.888723       -7.832712       
-34.794575      30.888723       -34.620604      -26.556064      
16.912842       -7.832712       -26.556064      26.506406       

EIGENVALUES OF HESSIAN
-72.459129      VECTOR =           -0.486103        0.609609        0.594466        0.196701
-6.973625       VECTOR =            0.340531       -0.220403        0.699251       -0.588650
46.446316       VECTOR =           -0.798061       -0.379211       -0.113371       -0.454362
57.809605       VECTOR =           -0.104124       -0.660302        0.380532        0.639026

TTTTTTTTTTTTTTTTTTTTTTTTTTTTTTTTTTTTTTTTTTTTTTTTTTTTTTTTTTTTTTTTTTTTTTTTTTTTTTTTTTTTTTTTTTTTT

TEMPERATURE =               300.00       K
HELMOLTZ FE =        -5400806.1941  KJ/MOL

IRREDUCIBLE LATTICE PARAMETERS
8.5263    7.9224    11.1179   115.3452  

HESSIAN
1.360536        200.767857      -110.373131     -49.254597      
200.767857      36.891621       148.581474      9.670956        
-110.373131     148.581474      -114.955235     -115.757813     
-49.254597      9.670956        -115.757813     59.299333       

EIGENVALUES OF HESSIAN
-361.814998     VECTOR =            0.510511       -0.584476       -0.505841        0.376685
236.046762      VECTOR =           -0.505150       -0.736779        0.432492        0.122190
-3.115306       VECTOR =            0.649450       -0.214940        0.533051       -0.497868
111.479797      VECTOR =            0.249835        0.263335        0.522429        0.771560

